PS C:\Users\romai\Documents\MIPI\M1\S1\MOGPL\projet_MOGPL\code> py .\main.py     

G = ([0, 1, 2, 3, 4, 5, 6, 7, 8, 9], [(0, 7), (1, 9), (2, 0), (2, 1), (2, 3), (2, 6), (2, 7), (2, 8), (3, 2), (3, 7), (3, 9), (4, 0), (4, 2), (4, 5), (4, 6), (4, 8), (5, 4), (5, 7), (5, 9), (6, 2), (6, 5), (6, 7), (6, 9), (7, 3), (7, 5), (7, 6), (7, 9), (8, 2), (8, 9), (9, 1)])

w_H = [ 2 -1  6  6 -1  8  6  9  7  8 -2 10  4  7  4  8  3  2 -3  3 -3  5 -1  1
 10  8 -2  7  2  7]

w1 = [ 2  9  7  7  0  5  8  0  6  5  6  3  1  5  7 -2  9  9  5  9  7  7  3 -2
 -3 -2  4  3  4  6]

w2 = [ 2  5  8 -3  7  3  6  8 10  6  8 -2  1  1  2  0  9  0  4  4  4  4  1  7
  1 -3  8 10  3 -3]

w3 = [ 2  1 10  6  9 10  9 -1  7  2  4  6  8 10  1 10 10  8 -2  4  8  8  6 -1
  8  3  2  6 -1  5]

pour 3 graphes appris :
ordre <tot= [0, 7, 3, 5, 6, 2, 4, 9, 1, 8]
nbIter = 2

w4 = [-2  2 10 -2 10  0  6  6 -3  1  3  7  7  2  3  2  5  7 -1  9 -1  3  6  9
  4  7  2  5  2  2]

pour 4 graphes appris :
ordre <tot= [0, 7, 3, 5, 4, 2, 6, 9, 8, 1]
nbIter = 2

w5 = [ 3 -2  4  6 10 -1  3  3  8  9  1  0 -3 10 -2  1 10 -2  4  8  2 -1  0  5
  8  5  1 -3  4  4]

pour 5 graphes appris :
ordre <tot= [0, 7, 3, 2, 6, 5, 9, 4, 8, 1]
nbIter = 1

w6 = [ 5  5 -2  0  4 -3 -1  9  8  3  4  8  9  5 -2 -1  7 10  9  8 10 10  3 -1
 -1  0 -3  4  0  5]

pour 6 graphes appris :
ordre <tot= [0, 7, 3, 2, 6, 5, 9, 4, 8, 1]
nbIter = 1

w7 = [ 4  7  3  2  8  6  5 10  9  3 -1  9 -2  8  0  2  6  8  5  6  5  8 -1  1
  8  7  5  4  9 10]

pour 7 graphes appris :
ordre <tot= [0, 7, 3, 2, 6, 5, 9, 4, 8, 1]
nbIter = 1

w8 = [ 5  3 10  5 10  9 -2  0  7  7  5 -3  0  0  1  8  1  7 10 -3  7 10 10 -1
  6  5  9  5 -3 -1]

pour 8 graphes appris :
ordre <tot= [0, 7, 3, 2, 6, 5, 4, 8, 9, 1]
nbIter = 1

w9 = [ 0  0  1  8 10 -2  2  2 -1 10  8  6  8 -1 -1  5  7  9 -3  2  4  4  1 10
 -1 -1 -1  6  4  1]

pour 9 graphes appris :
ordre <tot= [0, 7, 3, 2, 6, 5, 4, 8, 9, 1]
nbIter = 1

w10 = [ 3  3 -2  1  9  4  6  1 10  5 10  4 -2  3  7  8  0 10  5  4  1  5  1  7
  2  8  3  5 -3  0]

pour 10 graphes appris :
ordre <tot= [0, 7, 3, 6, 5, 4, 2, 8, 9, 1]
nbIter = 1

ordre_aleatoire = [0, 4, 1, 2, 6, 7, 9, 3, 8, 5]
nbIter = 3