PS C:\Users\romai\Documents\MIPI\M1\S1\MOGPL\projet_MOGPL\code> py .\main.py

G = ([0, 1, 2, 3, 4, 5, 6, 7, 8, 9], [(0, 3), (0, 5), (2, 1), (2, 3), (3, 1), (3, 2), (3, 7), (3, 9), (4, 0), (4, 7), (5, 0), (5, 4), (5, 7), (5, 8), (6, 1), (6, 5), (6, 9), (7, 4), (7, 6), (7, 9), (8, 2), (8, 3), (8, 7), (9, 1), (9, 4), (9, 8)])

w_H = [ 4  5  6 10  8 -3  9  8 10 10  2 10 -3  9  3  6 -2  7  6  5 10 10  0 -1
  1  9]

w1 = [ 6  1  4  2  9  5  8 -3  9  6  4  4  6  0  5  9  7 -2  4 -1 10  0  9  9
 -1  5]

w2 = [-2  3  8  8  6  3  5  2  6 10  7  7 -3  2  9  6  5  9  1  6  5 -3  7  9
  0  5]

w3 = [-1  3  4  6  2 10  6 10 -2  6 -3  4  9  7 -3  2  6  5  9  4 -1  7  5  2
 -1  2]

pour 3 graphes appris :
ordre <tot= [0, 5, 8, 3, 2, 9, 1, 4, 7, 6]
nbIter = 2

w4 = [ 2  7  0  8  5  6  6  9  1  3  5  5  3 -2  3  2  4  1  3 -2 -1  0 -3 -2
  9  6]

pour 4 graphes appris :
ordre <tot= [0, 5, 8, 3, 2, 7, 9, 4, 6, 1]
nbIter = 2

w5 = [ 4  7 10  8  8  8 -2 10 -1  9 -1  2 -1  3  6  8  7 10  5  2  4  4  3 -2
 -1  1]

pour 5 graphes appris :
ordre <tot= [0, 5, 3, 9, 8, 4, 7, 6, 2, 1]
nbIter = 2

w6 = [ 9 -1  4  1 -3  4  8 -2  3  1  4 -2  3 -2  2  2 10  4  6  7  6  7  2  2
  4  2]

pour 6 graphes appris :
ordre <tot= [0, 5, 8, 3, 2, 7, 9, 4, 6, 1]
nbIter = 2

w7 = [ 3  4  3  4 -2  0  0  9 -2  6 -2  5  2 -2  0  4  5  8  7  3  5  5 10  0
  1  8]

pour 7 graphes appris :
ordre <tot= [0, 5, 8, 3, 2, 7, 9, 4, 6, 1]
nbIter = 2

w8 = [-3 10  9 -1 -3  8  8  6  4  8 -2  8  6  6  7  7  6 -3  2  7 -2  6 -2  1
 10  7]

pour 8 graphes appris :
ordre <tot= [0, 5, 8, 3, 2, 7, 9, 4, 6, 1]
nbIter = 2

w9 = [ 0  8 -2  5  3 -2  9  4  5  5  2 -2  1  2 -2  4 -1  9  2 -2  7  8  4  5
 -3  1]

pour 9 graphes appris :
ordre <tot= [0, 5, 8, 3, 2, 7, 9, 4, 6, 1]
nbIter = 2

w10 = [-3  6  9 -1 -2  9  2  1  7 10  9 10 -2  5 -2 10 -2  6  0 10  9  0  7  8
  3  3]

pour 10 graphes appris :
ordre <tot= [0, 5, 8, 3, 2, 7, 6, 9, 4, 1]
nbIter = 1

ordre_aleatoire = [0, 3, 1, 5, 8, 4, 6, 9, 2, 7]
nbIter = 3