PS C:\Users\romai\Documents\MIPI\M1\S1\MOGPL\projet_MOGPL\code> py .\main.py

G = ([0, 1, 2, 3, 4, 5, 6, 7, 8, 9], [(0, 7), (0, 8), (1, 9), (2, 4), (2, 6), (2, 7), (2, 9), (3, 5), (3, 6), (4, 6), (5, 1), (5, 2), (6, 1), (6, 2), (6, 3), (6, 4), (6, 7), (6, 9), (7, 1), (7, 4), (7, 6), (7, 9), (8, 3), (8, 6), (8, 9), (9, 1), (9, 2), (9, 5), (9, 6), (9, 8)])

w_H = [ 1  8  4  9  9  9 -3  8 10  1  8  4  1  8  6  6  6  4  8  2 -1  3  6 -3
 -2 10  5  7  3  7]

w1 = [ 4 -1 -3  1  8 10  4  6  3  9  1  7  3 10  0 -3  9  4 -1  8  0 -3  5  5
  5 10  1  4  9  6]

w2 = [ 0 -1  7  3  7  8  5  9  4  6  7  2  0 -2 -3 -3  3  7  0 -3  1  3  5  0
  4  4 -1  0  9 -3]

w3 = [-3  4  4  1  7  0 -2 -3  8 10  2  5  3  9  5  6  4  2 10  5  3 10  7 -1
 10  4  2  6  6  2]

pour 3 graphes appris :
ordre <tot= [0, 7, 8, 6, 1, 3, 4, 2, 9, 5]
nbIter = 1

w4 = [-2  0  6  1  9  8  9 -3  7  3  7  5  7  0 10  4  0  2  7  8  7  1  5  2
  9  6  6  7  8  9]

pour 4 graphes appris :
ordre <tot= [0, 7, 8, 6, 1, 3, 2, 9, 5, 4]
nbIter = 1

w5 = [ 4  1  5  5  8  3  2  0  4 -1  8 10  0  7  1  2  1 -1  0  8  2  8  6 10
 -1  0  9  8  9  3]

pour 5 graphes appris :
ordre <tot= [0, 7, 8, 6, 3, 1, 2, 9, 5, 4]
nbIter = 1

w6 = [ 7  1  3  5 -1  0  1  8 -2  7  1  7  9  6 10  9 -2  5 10 10 10  5 -2 -2
 -2  4  6  2 -3  7]

pour 6 graphes appris :
ordre <tot= [0, 8, 6, 3, 7, 9, 2, 5, 1, 4]
nbIter = 2

w7 = [ 9 -1  0  1  7  8  9  1 10  5  4  6 -3  9  9 -1  8  5  8  2 10  6 -1  9
  2 10  5 -1 10  9]

pour 7 graphes appris :
ordre <tot= [0, 8, 6, 3, 7, 5, 1, 2, 9, 4]
nbIter = 2

w8 = [ 7 -3  0  2  6  9  7 -2  4  4  1  0  1  6  2  1  2 10  3 -1 10  7  6  2
  9  4  5  3  9  9]

pour 8 graphes appris :
ordre <tot= [0, 8, 6, 3, 7, 5, 1, 2, 9, 4]
nbIter = 2

w9 = [ 6 -3  7  6  4  4 -1  9  8 -2  2  6  5  6  0  8  4  7  3  4 -3  8  7  6
 10  0  3  6  9  2]

pour 9 graphes appris :
ordre <tot= [0, 8, 6, 3, 7, 5, 1, 2, 9, 4]
nbIter = 2

w10 = [ 6  2  4 -2  8  0  4  4  0  8  9  7  6  9  7 -3  7  3  6  5  5 10  1  1
  9 -3  1  7  3 -3]

pour 10 graphes appris :
ordre <tot= [0, 8, 6, 3, 7, 5, 1, 2, 9, 4]
nbIter = 2

ordre_aleatoire = [0, 8, 7, 9, 5, 1, 4, 6, 2, 3]
nbIter = 2