PS C:\Users\romai\Documents\MIPI\M1\S1\MOGPL\projet_MOGPL\code> py .\main.py

G = ([0, 1, 2, 3, 4, 5, 6, 7, 8, 9], [(0, 2), (0, 3), (0, 4), (0, 6), (0, 7), (1, 4), (1, 6), (2, 1), (2, 4), (2, 6), (3, 2), (4, 0), (4, 5), (4, 8), (4, 9), (5, 1), (5, 4), (6, 0), (6, 4), (6, 5), (6, 8), (7, 1), (7, 2), (7, 8), (8, 4), (8, 7), (9, 1), (9, 6)])

w_H = [ 1  0  3 10 -3  0  4  9  8  8  1  0  6  7  7 -3 -1 -3 -2  1  3  6 -2  9
  5  1  7  1]

w1 = [ 4  7  8  8  2  4  9  3  2  9  9 -2  9  3  3 -1  6 -1  3  7  9 10  5  4
  1  0  1  4]

w2 = [ 6  1  3  3  8 -3 -2  2 -1  4  6  5 10  5  7  2  0  9  2  0  9 -1  2  4
  7  0  4  7]

w3 = [ 2  3  8  2  2  9 10  5  1  7 -3 -1 -1  7  5  5  9  5  1  5  2  9  2 -3
  8  5  4  8]

pour 3 graphes appris :
ordre <tot= [0, 3, 6, 2, 4, 5, 1, 7, 8, 9]
nbIter = 3

w4 = [ 5 -2  6  9  8  1  9  2 10 -3  4  8  4  5  9  6  6  6  3  9  7  2  5  7
  7 -1  2  4]

pour 4 graphes appris :
ordre <tot= [0, 3, 2, 6, 4, 5, 1, 7, 8, 9]
nbIter = 2

w5 = [ 0 10  2  9  9 10  1  1  3  8  1 -2  1  7  6  5  1  8  5  6  7  4  9 -1
 -3  5  4 -1]

pour 5 graphes appris :
ordre <tot= [0, 3, 2, 6, 4, 5, 1, 7, 8, 9]
nbIter = 2

w6 = [ 6 -1 -3  0  1  9  4 10  8 -2  6  3  5  0  9  9  8  8  7  9  7  8  3  2
  9  0  2  0]

pour 6 graphes appris :
ordre <tot= [0, 3, 2, 6, 4, 5, 7, 8, 1, 9]
nbIter = 2

w7 = [ 7  0  7  5  1 -2  3  4  0 -3  3  4  4  0 10  8  3  4  9  5  9  9  0  0
  2  0  6  8]

pour 7 graphes appris :
ordre <tot= [0, 3, 2, 6, 4, 5, 7, 8, 1, 9]
nbIter = 2

w8 = [ 5  2  1 -2  0  9  6  5  8  1  2  5 10  5  5  1 -2  6  9  2  9  4  6  1
 -3  6  4  6]

pour 8 graphes appris :
ordre <tot= [0, 3, 2, 6, 7, 1, 4, 8, 5, 9]
nbIter = 3

w9 = [ 8 -1  9  8 10  1 -3  4  8  5  0  3 -3  1  5 10  9  7  0  6  9  7 -1 -1
  9  7  8 -1]

pour 9 graphes appris :
ordre <tot= [0, 3, 2, 6, 7, 1, 4, 8, 5, 9]
nbIter = 3

w10 = [ 5  0 10  7  9  0  0  2  8  4  4  4 -1  6  4  4  3  2  1  5  4 10 -3  2
  1 10 -1  9]

pour 10 graphes appris :
ordre <tot= [0, 3, 2, 6, 7, 1, 4, 8, 5, 9]
nbIter = 3

ordre_aleatoire = [0, 9, 4, 7, 5, 1, 6, 3, 2, 8]
nbIter = 4