PS C:\Users\romai\Documents\MIPI\M1\S1\MOGPL\projet_MOGPL\code> py .\main.py

G = ([0, 1, 2, 3, 4, 5, 6, 7, 8, 9], [(0, 3), (0, 6), (0, 7), (1, 0), (1, 2), (1, 4), (1, 7), (1, 9), (2, 1), (2, 4), (3, 2), (3, 4), (4, 9), (5, 1), (5, 3), (5, 4), (5, 7), (5, 9), (6, 8), (7, 0), (7, 2), (7, 3), (7, 6), (7, 8), (8, 1), (8, 6), (9, 4), (9, 6), (9, 7)])

w_H = [ 5  0 -1  7  4  7 -1 -1  6  4 -2  0  6  2 -1  4  2  1 -1  9  2  0  9  3
  6  4  3  7  2]

w1 = [-2  6  6  5  8  1  8  7 10  3 10 -3  0 10  2  9  3  9  7  0  8 -1  4  4
  0  0  1  1 10]

w2 = [ 6  0  0  0 10 10 -2  2  2  3  6 -1 -1 -1  8  8 -2  0 -1  1  2  9 10  1
  4  3  5  5 -3]

w3 = [ 5 10  8 -3  0  0  0  6  6  8  7  1  9  4  1  6  2  0  6  9 -1  8  0 -3
  9 10  9  5  7]

pour 3 graphes appris :
ordre <tot= [0, 5, 3, 4, 9, 7, 2, 6, 8, 1]
nbIter = 3

w4 = [ 2 -3  6  4  3  6  3  0  6  7  1  4  4 10  0 10 -1  7  6 -3 -1  1  5 10
  4 -3  0  2  8]

pour 4 graphes appris :
ordre <tot= [0, 5, 3, 4, 7, 2, 1, 9, 6, 8]
nbIter = 2

w5 = [ 7 -1  1  0  1 -1  6  2  9 -2  2  9  6  4  6  1  8  5  5  2  0  7 -3  9
  8  6  4  1 -2]

pour 5 graphes appris :
ordre <tot= [0, 5, 3, 7, 2, 4, 1, 9, 6, 8]
nbIter = 2

w6 = [10  8  5  5  2  9  4 10  5  4  6  9  1 -3  0 -1 -1 -2  2  3 -2 10  6  2
  4  8  4  0  0]

pour 6 graphes appris :
ordre <tot= [0, 5, 3, 7, 2, 4, 1, 9, 6, 8]
nbIter = 2

w7 = [10  0  2  5  7  4  2  4  8  8  1 -3 -1  0  9  3  3 -2  6  0  9  1  9  5
 -2  4  4  1  7]

pour 7 graphes appris :
ordre <tot= [0, 5, 7, 3, 2, 4, 1, 9, 6, 8]
nbIter = 1

w8 = [ 2  4  6  1  2 10  8  7  3  9  0  5  4  4  7  6 -2  7  3 -3  8  8 10  7
  2  2 -2 10 10]

pour 8 graphes appris :
ordre <tot= [0, 5, 7, 3, 2, 4, 1, 9, 6, 8]
nbIter = 1

w9 = [ 0  1  1  3  7  4  4  2 -3  4  6  1  5  6  5 10 10  9  6  2  7  4  2  5
 -1 -2  4 -2  0]

pour 9 graphes appris :
ordre <tot= [0, 5, 7, 3, 2, 4, 1, 9, 6, 8]
nbIter = 1

w10 = [ 9  0  3  6  7  0  1  5  9  9  6  0  5  0  1 10 10  3  8  2  2  3  7  7
  8 -2  9 -2  8]

pour 10 graphes appris :
ordre <tot= [0, 5, 7, 3, 2, 4, 1, 9, 6, 8]
nbIter = 1

ordre_aleatoire = [0, 7, 4, 3, 9, 8, 5, 6, 1, 2]
nbIter = 3