PS C:\Users\romai\Documents\MIPI\M1\S1\MOGPL\projet_MOGPL\code> py .\main.py

G = ([0, 1, 2, 3, 4, 5, 6, 7, 8, 9], [(0, 7), (1, 2), (1, 3), (1, 4), (1, 6), (1, 9), (2, 0), (2, 1), (2, 3), (2, 8), (2, 9), (3, 0), (3, 4), (3, 6), (3, 7), (3, 9), (4, 0), (4, 2), (4, 6), (5, 1), (5, 3), (5, 4), (5, 7), (5, 8), (5, 9), (6, 4), (7, 0), (7, 5), (8, 2), (9, 3), (9, 5)])

w_H = [ 6  6  8 -2  4 10 10  1  2  8  2 -2 10  6  7  0  2  4  5 10  1  6  2  7
  4  9  1  3  4  5  2]

w1 = [ 5  3 -3 -2  0 -2 10  5  4 10  9  3  2  2  7  8 -1  1  1  3  8  3 -2  6
  0  3  5  8  8  8 10]

w2 = [ 3  2 -3 10 -1  3  5  0  6  1  9  7  1 10  7 -2  4  7  5  9  2 -1  6  4
 -2 -2  7 -2  3  7  6]

w3 = [10  4  3  6  4  4  5 -2 -2 -1  0  7  8  0  5  8  7  5  8 -1  6  2  7 -3
  8  5 -1  2  9  2  3]

pour 3 graphes appris :
ordre <tot= [0, 7, 5, 8, 1, 4, 2, 3, 9, 6]
nbIter = 1

w4 = [ 8  3 -1 -3 -2  8  9  0  2  4 -3  3  5  2  8  6  1  6  1  1  5  7 -1  3
  2  1  6  9  0 10  5]

pour 4 graphes appris :
ordre <tot= [0, 7, 5, 8, 1, 4, 2, 3, 9, 6]
nbIter = 1

w5 = [ 1  9  4 -3  4  7  6  6  0  1  6  2  9 -1  8  7 -3 -2  8  4  8 10  1  8
 10  3  4 10  1 10  0]

pour 5 graphes appris :
ordre <tot= [0, 7, 5, 1, 4, 2, 8, 3, 9, 6]
nbIter = 1

w6 = [10  2  0  6  9 10  5  2  4 -1  4  9  6  3 10 -1  2 -1  4  4 10 -2  3 -2
  4  4  5 -2  5  3  3]

pour 6 graphes appris :
ordre <tot= [0, 7, 5, 1, 4, 2, 8, 3, 9, 6]
nbIter = 1

w7 = [-2  6  7  4 10  4 -3 10 10  6  3 -2  1  5 10  7  0  2 10  2  8  0  6  5
  7  6  5  8  1  2 -3]

pour 7 graphes appris :
ordre <tot= [0, 7, 5, 1, 4, 2, 8, 3, 9, 6]
nbIter = 1

w8 = [-3  9 10  2  7 -3  7  5  6  4  1  9  9  0  7  9 10  2  8  0 10 -3 -3  0
 -1  5  7  8  7  2  7]

pour 8 graphes appris :
ordre <tot= [0, 7, 5, 1, 4, 2, 8, 3, 9, 6]
nbIter = 1

w9 = [-2 10 10 -2 -3  5  0 -1  8  1  5 -3  3  4  4  9 -2  5  1  7  4  4 -2  5
  5  6  5  4  2 -1  8]

pour 9 graphes appris :
ordre <tot= [0, 7, 5, 1, 4, 2, 8, 3, 9, 6]
nbIter = 1

w10 = [-1  1 10  2  3 10  6 10  6 10  8  4  2  2 -3  3  2  6  5  5  6  3  2  8
  6  8  3  6 -1  6  0]

pour 10 graphes appris :
ordre <tot= [0, 7, 5, 1, 4, 2, 8, 3, 9, 6]
nbIter = 1

ordre_aleatoire = [0, 7, 8, 1, 3, 5, 2, 9, 4, 6]
nbIter = 2